-0.105612218894815
-0.101092353921641
-0.096765929411065
-0.092624665950160
-0.088660638562927
-0.084866261528306
-0.081234273849570
-0.077757725347018
-0.074429963347117
-0.071244619942420
-0.068195599797676
-0.065277068478660
-0.062483441281228
-0.059809372539112
-0.057249745389873
-0.054799661979343
-0.052454434085727
-0.050209574145339
-0.048060786662753
-0.046003959988867
-0.044035158451092
-0.042150614820572
-0.040346723101988
-0.038620031632099
-0.036967236473797
-0.035385175093017
-0.033870820306358
-0.032421274487835
-0.031033764023658
-0.029705634004391
-0.028434343144353
-0.027217458918504
-0.026052652907508
-0.024937696342058
-0.023870455837937
-0.022848889313624
-0.021871042082656
-0.020935043113248
-0.020039101448006
-0.019181502776892
-0.018360606156867
-0.017574840871940
-0.016822703427614
-0.016102754673958
-0.015413617051830
-0.014753971956947
-0.014122557216775
-0.013518164675414
-0.012939637881837
-0.012385869877073
-0.011855801076099
-0.011348417240380
-0.010862747537182
-0.010397862681940
-0.009952873160134
-0.009526927525258
-0.009119210769638
-0.008728942764971
-0.008355376769606
-0.007997797999710
-0.007655522261585
-0.007327894642512
-0.007014288257634
-0.006714103050455
-0.006426764644686
-0.006151723245223
-0.005888452586160
-0.005636448923819
-0.005395230072889
-0.005164334483796
-0.004943320359577
-0.004731764810533
-0.004529263045073
-0.004335427595175
-0.004149887575008
-0.003972287971267
-0.003802288963896
-0.003639565275865
-0.003483805550787
-0.003334711757164
-0.003191998618134
-0.003055393065615
-0.002924633717817
-0.002799470379115
-0.002679663561318
-0.002564984025431
-0.002455212343034
-0.002350138476415
-0.002249561376695
-0.002153288599129
-0.002061135934888
-0.001972927058589
-0.001888493190914
-0.001807672775667
-0.001730311170652
-0.001656260351779
-0.001585378629831
-0.001517530379361
-0.001452585779179
-0.001390420563959
-0.001330915786461
-0.001273957589940
-0.001219436990296
-0.001167249667536
-0.001117295766173
-0.001069479704158
-0.001023709989997
-0.000979899047686
-0.000937963049148
-0.000897821753831
-0.000859398355178
-0.000822619333663
-0.000787414316122
-0.000753715941096
-0.000721459729944
-0.000690583963470
-0.000661029563826
-0.000632739981474
-0.000605661086987
-0.000579741067470
-0.000554930327427
-0.000531181393864
-0.000508448825451
-0.000486689125579
-0.000465860659126
-0.000445923572801
-0.000426839718883
-0.000408572582230
-0.000391087210409
-0.000374350146824
-0.000358329366691
-0.000342994215771
-0.000328315351707
-0.000314264687888
-0.000300815339703
-0.000287941573101
-0.000275618755353
-0.000263823307917
-0.000252532661325
-0.000241725211996
-0.000231380280903
-0.000221478074003
-0.000211999644363
-0.000202926855908
-0.000194242348720
-0.000185929505818
-0.000177972421367
-0.000170355870242
-0.000163065278895
-0.000156086697473
