0 0.000000000000000
1 0.123701979627261
2 0.239712769302102
3 0.340819380011667
4 0.420735492403948
5 0.474492309677793
6 0.498747493302027
7 0.491992973436968
8 0.454648713412841
9 0.389036598443961
10 0.299236072051978
11 0.190830496026166
12 0.070560004029934
13 -0.054097567265054
14 -0.175391613844810
15 -0.285780659371172
16 -0.378401247653964
17 -0.447494679114292
18 -0.488765058832549
19 -0.499646394487689
20 -0.479462137331569
21 -0.429467246713296
22 -0.352770162785196
23 -0.254139538749629
24 -0.139707749099463
25 -0.016589608273778
26 0.107559994043908
27 0.225022036890309
28 0.328493299359395
29 0.411540439505753
30 0.468999988387369
31 0.497299389555588
32 0.494679123311691
33 0.461302105119670
34 0.399243556311745
35 0.312361976877096
36 0.206059242620878
37 0.086944742690217
38 -0.037575560230905
39 -0.159759596811137
40 -0.272010555444685
41 -0.367349215202398
42 -0.439847879985835
43 -0.484998933960339
44 -0.499995103275352
45 -0.483903998755631
46 -0.437726087344214
47 -0.364332487913585
48 -0.268286459000217
49 -0.155559677490564
50 -0.033160948675600
51 0.091299567315567
52 0.210083518413320
53 0.315805493859119
54 0.401892213275810
55 0.462991221404314
56 0.495303677847435
57 0.496820550566381
58 0.467447527762341
59 0.409010881727347
60 0.325143920078558
61 0.221061084288270
62 0.103233740968898
63 -0.021012176359420
64 -0.143951658332533
65 -0.257940923409055
66 -0.355892671184562
67 -0.431716736403953
68 -0.480698745939778
69 -0.499793235679609
70 -0.487813002734079
71 -0.445502919962427
72 -0.375493623385838
73 -0.282137951980928
74 -0.171240309234806
75 -0.049695773449424
76 0.074938604831476
77 0.194913663623189
78 0.302769934859801
79 0.391801437989178
80 0.456472625363814
81 0.492762555782560
82 0.498414897139400
83 0.473078214225435
84 0.418327819268028
85 0.337567826646401
86 0.235819501547098
87 0.119409062014791
88 -0.004425654645202
89 -0.127985205534667
90 -0.243587256230255
91 -0.344044231129148
92 -0.423110202087585
93 -0.475869229981177
94 -0.499041013989698
95 -0.491184844814212
96 -0.452789181003312
97 -0.386241278966385
98 -0.295678764932562
99 -0.186732377392057
100 -0.066175875048887
101 0.058495122687182
102 0.179529177011084
103 0.289400976643875
104 0.381279225239801
105 0.449451378306234
106 0.489678821551959
107 0.499460407394412
108 0.478187964202252
109 0.427184109461761
110 0.349620015827549
111 0.250318242966208
112 0.135452894153935
113 0.012165740438601
114 -0.111877820093398
115 -0.228965359643406
116 -0.331816942106484
117 -0.414037754238622
118 -0.470515704171477
119 -0.497739266524728
120 -0.494015812046431
121 -0.459576847101789
122 -0.396563619728643
123 -0.308893987205448
124 -0.202018822661533
125 -0.082583106186790
126 0.041987227845873
127 0.163946999412913
128 0.275713340620845
129 0.370337161704837
130 0.441935211772915
131 0.486055870851367
132 0.499955930053634
133 0.482771151022361
134 0.435570000084588
135 0.361287216190568
136 0.264541343060012
137 0.151347570503158
138 0.028743739052462
139 -0.095647238874478
140 -0.214091334748076
141 -0.319224268361567
142 -0.404509383105953
143 -0.464644063618170
144 -0.495889426721558
145 -0.496302787072806
146 -0.465858443927353
147 -0.406449279087202
148 -0.321769066678500
149 -0.217082812166877
150 -0.098899399818231
151 0.025433098199653
152 0.148184289354693
153 0.261722099116599
154 0.358987296385822
155 0.433932402292489
156 0.481897693142044
157 0.499900919465573
158 0.486822727847489
159 0.443476256899412
160 0.372556580239674
161 0.278473139869106
162 0.167075588424210
163 0.045290086108559
164 -0.079311334402354
165 -0.198981560278335
166 -0.306280076487735
167 -0.394535580984570
168 -0.458260773957817
169 -0.493493531556356
170 -0.498043251559797
171 -0.471627054414538
172 -0.415887371314299
173 -0.334289825783485
174 -0.231907757991914
175 -0.115106789035377
176 0.008850962552707
177 0.132258404158204
178 0.247442658776314
179 0.347242127340755
180 0.425451762267059
181 0.477208867257721
182 0.499295436205885
183 0.490338233228913
184 0.450894173824405
185 0.383415698561936
186 0.292098292206643
187 0.182619628797028
188 0.061786561372612
189 -0.062888095179606
190 -0.183652674567096
191 -0.292998620157277
192 -0.384127330661833
193 -0.451372864236328
194 -0.490554219301549
195 -0.499235288971348
196 -0.476876326379736
197 -0.424867503526784
198 -0.346442477116848
199 -0.246477335446656
200 -0.131187426851964
201 -0.007740919451594
202 0.116186880827742
203 0.232890743599222
204 0.335114587921687
205 0.416502630268312
206 0.471994556362560
207 0.498140147010666
208 0.493313796020243
209 0.457815582519823
210 0.393852613492059
211 0.305401796551492
212 0.197962575090917
213 0.078214999527339
214 -0.046395605878654
215 -0.168121557224579
216 -0.279394524425808
217 -0.373296093323629
218 -0.443987919168832
219 -0.487074726620657
220 -0.499877586679310
221 -0.481600479515989
222 -0.433379787130380
223 -0.358213638621891
224 -0.260775501043456
225 -0.147123605855753
226 -0.024324277437544
227 0.099987416739009
228 0.218082377623912
229 0.322618032532992
230 0.407094860754217
231 0.466260502265661
232 0.496436324042269
233 0.495746139640189
234 0.464232861382689
235 0.403855832279738
236 0.318369003569569
237 0.213087532212654
238 0.094557310175446
239 -0.029852027427582
240 -0.152405310551108
241 -0.265482769627692
242 -0.362053795933725
243 -0.436114070787661
244 -0.483058885004196
245 -0.499969437408858
246 -0.485794311758055
247 -0.441414848708647
248 -0.369590348324611
249 -0.274786510163513
